uSize:1920;1009
uCenter:0.26486;-0.58379
uIterations:30
uScale:1.55676
UniformSection:default:true
